Solution 1:
   0           0           0           0           0
0  1  15    -152  -4    4  3  -19   19 4  -11   11 5  0
   -18         14          1           10          -12

   18          -14         -1          -10         12
0  6  -5    5  7  12    -128  -6    6  9  -6    6  10 0
   -8          -17         14          17          3

   8           17          -14         -17         -3
0  11 -13   13 12 2     -2 13 -11   11 14 -1    1  15 0
   20          8           -2          10          16

   -20         -8          2           -10         -16
0  16 -7    7  17 20    -2018 -16   16 19 -4    4  20 0
   -15         5           13          7           18

   15          -5          -13         -7          -18
0  21 -3    3  22 9     -9 23 19    -1924 -9    9  25 0
   0           0           0           0           0

Solution 2:
   0           0           0           0           0
0  0  15    -1514 -20   20 8  8     -8 2  18    -1820 0
   -18         -7          -13         -5          9

   18          7           13          5           -9
0  14 4     -4 12 16    -1610 -20   20 8  7     -7 14 0
   -16         -10         2           -8          -19

   16          10          -2          8           19
0  4  1     -1 2  11    -110  -2    2  -2 13    -138  0
   -3          -17         -14         17          -9

   3           17          14          -17         9
0  -6 6     -6 -8 6     -6 -10-12   12 -125     -5 2  0
   12          -10         -1          -14         3

   -12         10          1           14          -3
0  -1611    -11-1819    -19-204     -4 -22-15   15 -4 0
   0           0           0           0           0






Solution 1
   0           0           0           0           0
0  1  -4    4  2  -11   11 3  18    -184  15    -155  0
   18          -6          -3          -19         2

   -18         6           3           19          -2
0  6  20    -207  3     -3 8  -6    6  9  -12   12 10 0
   10          1           1           -8          14

   -10         -1          -1          8           -14
0  11 -7    7  12 5     -5 13 5     -5 14 7     -7 15 0
   -14         17          9           11          -19

   14          -17         -9          -11         19
0  16 12    -1217 16    -1618 13    -1319 -20   20 20 0
   10          17          16          13          8

   -10         -17         -16         -13         -8
0  21 -15   15 22 -2    2  23 9     -9 24 4     -4 25 0
   0           0           0           0           0

Solution 2:
   0           0           0           0           0
0  0  -4    4  0  -11   11 0  18    -180  15    -1516 0
   18          -6          -3          -19         -10

   -18         6           3           19          10
0  0  20    -200  3     -3 0  -6    6  0  -12   12 6  0
   10          1           1           -8          14

   -10         -1          -1          8           -14
0  0  -7    7  0  5     -5 0  5     -5 0  7     -7 0  0
   -14         17          9           11          -19

   14          -17         -9          -11         19
0  -6 12    -120  16    -160  13    -130  -20   20 0  0
   -2          17          16          13          8

   2           -17         -16         -13         -8
0  -16-15   15 0  -2    2  0  9     -9 0  4     -4 0  0
   0           0           0           0           0

Solution 3:
   0           0           0           0           0
0  0  -4    4  22 -9    9  20 2     -2 18 15    -150  0
   18          -13         -16         -17         2

   -18         13          16          17          -2
0  0  20    -2012 -13   13 10 -16   16 8  -12   12 0  0
   10          -11         -9          -17         14

   -10         11          9           17          -14
0  0  -7    7  2  -5    5  0  -5    5  -2 7     -7 0  0
   -14         8           -1          -1          -19

   14          -8          1           1           19
0  0  12    -12-8 6     -6 -10-3    3  -12-20   20 0  0
   10          19          3           6           8

   -10         -19         -3          -6          -8
0  0  -15   15 -18-18   18 -2011    -11-224     -4 0  0
   0           0           0           0           0

Solution 4:
   0           0           0           0           0
0  0  -4    4  22 -9    9  20 2     -2 18 15    -1516 0
   18          -13         -16         -17         -10

   -18         13          16          17          10
0  0  20    -2012 -13   13 10 -16   16 8  -12   12 6  0
   10          -11         -9          -17         14

   -10         11          9           17          -14
0  0  -7    7  2  -5    5  0  -5    5  -2 7     -7 0  0
   -14         8           -1          -1          -19

   14          -8          1           1           19
0  -6 12    -12-8 6     -6 -10-3    3  -12-20   20 0  0
   -2          19          3           6           8

   2           -19         -3          -6          -8
0  -16-15   15 -18-18   18 -2011    -11-224     -4 0  0
   0           0           0           0           0


